VITE_WALLETCONNECT_PROJECT_ID=c5d92af543bf8ab853bad22e68b10f78
VITE_OPERATOR_ID=0.0.6888128
VITE_OPERATOR_KEY=3030020100300706052b8104000a04220420fd899fce8d927970b390f7a83b1cd8e2e675ca0f3c064f5f2e55a99b01f7a4d9
VITE_CONTRACT_ID=0.0.6917091